10
2 0 0.58372,0.41628
2 0 0.02806,0.97194
2 2 0 1 0,0:0.77088,0.22912 0,1:0.51468,0.48532 1,0:0.5652,0.4348 1,1:0.38689,0.61311
3 2 1 2 0,0:0.33858,0.40868,0.25273 0,1:0.37914,0.37968,0.24117 1,0:0.70459,0.17217,0.12323 1,1:0.39573,0.57902,0.02525
2 4 0 1 2 3 0,0,0,0:0.63285,0.36715 0,0,0,1:0.6738,0.3262 0,0,0,2:0.44378,0.55622 0,0,1,0:0.36285,0.63715 0,0,1,1:0.31691,0.68309 0,0,1,2:0.60064,0.39936 0,1,0,0:0.47947,0.52053 0,1,0,1:0.67442,0.32558 0,1,0,2:0.11249,0.88751 0,1,1,0:0.76171,0.23829 0,1,1,1:0.64025,0.35975 0,1,1,2:0.54612,0.45388 1,0,0,0:0.68562,0.31438 1,0,0,1:0.07429,0.92571 1,0,0,2:0.52531,0.47469 1,0,1,0:0.34435,0.65565 1,0,1,1:0.33995,0.66005 1,0,1,2:0.6638,0.3362 1,1,0,0:0.77287,0.22713 1,1,0,1:0.42642,0.57358 1,1,0,2:0.73911,0.26089 1,1,1,0:0.51823,0.48177 1,1,1,1:0.18892,0.81108 1,1,1,2:0.77894,0.22106
4 2 1 2 0,0:0.00576,0.49902,0.08219,0.41304 0,1:0.26,0.0178,0.15498,0.56722 1,0:0.2859,0.12478,0.23315,0.35617 1,1:0.22829,0.41608,0.15568,0.19995
2 1 5 0:0.37349,0.62651 1:0.62083,0.37917 2:0.19567,0.80433 3:0.40371,0.59629
2 4 2 3 5 6 0,0,0,0:0.51318,0.48682 0,0,0,1:0.03845,0.96155 0,0,1,0:0.75679,0.24321 0,0,1,1:0.13434,0.86566 0,0,2,0:0.9188,0.0812 0,0,2,1:0.76574,0.23426 0,0,3,0:0.41971,0.58029 0,0,3,1:0.69092,0.30908 0,1,0,0:0.25494,0.74506 0,1,0,1:0.84447,0.15553 0,1,1,0:0.70314,0.29686 0,1,1,1:0.23436,0.76564 0,1,2,0:0.69998,0.30002 0,1,2,1:0.02791,0.97209 0,1,3,0:0.0858,0.9142 0,1,3,1:0.41442,0.58558 0,2,0,0:0.50865,0.49135 0,2,0,1:0.47172,0.52828 0,2,1,0:0.19368,0.80632 0,2,1,1:0.4268,0.5732 0,2,2,0:0.06866,0.93134 0,2,2,1:0.27892,0.72108 0,2,3,0:0.46446,0.53554 0,2,3,1:0.96282,0.03718 1,0,0,0:0.53233,0.46767 1,0,0,1:0.99287,0.00713 1,0,1,0:0.21537,0.78463 1,0,1,1:0.77898,0.22102 1,0,2,0:0.84711,0.15289 1,0,2,1:0.28661,0.71339 1,0,3,0:0.20196,0.79804 1,0,3,1:0.1312,0.8688 1,1,0,0:0.82924,0.17076 1,1,0,1:0.3774,0.6226 1,1,1,0:0.85222,0.14778 1,1,1,1:0.08521,0.91479 1,1,2,0:0.4396,0.5604 1,1,2,1:0.77773,0.22227 1,1,3,0:0.37604,0.62396 1,1,3,1:0.66819,0.33181 1,2,0,0:0.96516,0.03484 1,2,0,1:0.4338,0.5662 1,2,1,0:0.6884,0.3116 1,2,1,1:0.49464,0.50536 1,2,2,0:0.81753,0.18247 1,2,2,1:0.46896,0.53104 1,2,3,0:0.64903,0.35097 1,2,3,1:0.62666,0.37334
2 4 1 4 5 6 0,0,0,0:0.46142,0.53858 0,0,0,1:0.49669,0.50331 0,0,1,0:0.61697,0.38303 0,0,1,1:0.20045,0.79955 0,0,2,0:0.28969,0.71031 0,0,2,1:0.53802,0.46198 0,0,3,0:0.68637,0.31363 0,0,3,1:0.69242,0.30758 0,1,0,0:0.38695,0.61305 0,1,0,1:0.4801,0.5199 0,1,1,0:0.3303,0.6697 0,1,1,1:0.68025,0.31975 0,1,2,0:0.68939,0.31061 0,1,2,1:0.28412,0.71588 0,1,3,0:0.56268,0.43732 0,1,3,1:0.8845,0.1155 1,0,0,0:0.65094,0.34906 1,0,0,1:0.79248,0.20752 1,0,1,0:0.26409,0.73591 1,0,1,1:0.45878,0.54122 1,0,2,0:0.45999,0.54001 1,0,2,1:0.35345,0.64655 1,0,3,0:0.80988,0.19012 1,0,3,1:0.48507,0.51493 1,1,0,0:0.09115,0.90885 1,1,0,1:0.40954,0.59046 1,1,1,0:0.58019,0.41981 1,1,1,1:0.59871,0.40129 1,1,2,0:0.65077,0.34923 1,1,2,1:0.11549,0.88451 1,1,3,0:0.52028,0.47972 1,1,3,1:0.01169,0.98831
3 4 0 1 3 5 0,0,0,0:0.51936,0.42554,0.0551 0,0,0,1:0.53049,0.06026,0.40925 0,0,0,2:0.38394,0.26164,0.35442 0,0,0,3:0.14123,0.31418,0.5446 0,0,1,0:0.40619,0.27648,0.31733 0,0,1,1:0.32047,0.32728,0.35225 0,0,1,2:0.1957,0.47048,0.33382 0,0,1,3:0.00064,0.53584,0.46352 0,0,2,0:0.22551,0.73251,0.04197 0,0,2,1:0.18285,0.20871,0.60844 0,0,2,2:0.11854,0.64488,0.23658 0,0,2,3:0.47808,0.07693,0.44499 0,1,0,0:0.25983,0.43601,0.30416 0,1,0,1:0.45392,0.39697,0.1491 0,1,0,2:0.25782,0.33952,0.40266 0,1,0,3:0.56477,0.11336,0.32188 0,1,1,0:0.5733,0.42556,0.00114 0,1,1,1:0.32391,0.41887,0.25723 0,1,1,2:0.21299,0.41667,0.37034 0,1,1,3:0.35549,0.26306,0.38146 0,1,2,0:0.25447,0.50884,0.23669 0,1,2,1:0.38742,0.45235,0.16023 0,1,2,2:0.05937,0.4549,0.48574 0,1,2,3:0.14233,0.60247,0.25519 1,0,0,0:0.33694,0.26283,0.40023 1,0,0,1:0.45222,0.44591,0.10186 1,0,0,2:0.33479,0.48665,0.17856 1,0,0,3:0.02503,0.45802,0.51695 1,0,1,0:0.14283,0.46704,0.39013 1,0,1,1:0.32622,0.23495,0.43882 1,0,1,2:0.33854,0.35055,0.31091 1,0,1,3:0.61602,0.37403,0.00995 1,0,2,0:0.36387,0.3624,0.27372 1,0,2,1:0.50127,0.27646,0.22227 1,0,2,2:0.01809,0.34247,0.63944 1,0,2,3:0.92352,0.01505,0.06143 1,1,0,0:0.21667,0.46042,0.32291 1,1,0,1:0.42894,0.4571,0.11396 1,1,0,2:0.28363,0.35564,0.36073 1,1,0,3:0.07221,0.69635,0.23144 1,1,1,0:0.04069,0.58514,0.37416 1,1,1,1:0.20391,0.22452,0.57157 1,1,1,2:0.1454,0.77272,0.08189 1,1,1,3:0.03475,0.1105,0.85476 1,1,2,0:0.53626,0.09174,0.372 1,1,2,1:0.17139,0.42322,0.40539 1,1,2,2:0.40127,0.45915,0.13958 1,1,2,3:0.01766,0.14083,0.84152
5
0 0
5 1
7 0
8 1
9 1
1
2
0 0 -596.17
0 1 499.58
1 0 -601.33
1 1 358.64