20
2 0 0.3067,0.6933
4 0 0.27381,0.23798,0.42617,0.06204
2 2 0 1 0,0:0.09631,0.90369 0,1:0.49323,0.50677 0,2:0.46774,0.53226 0,3:0.28392,0.71608 1,0:0.78693,0.21307 1,1:0.82737,0.17263 1,2:0.72848,0.27152 1,3:0.29109,0.70891
2 2 0 2 0,0:0.68069,0.31931 0,1:0.67249,0.32751 1,0:0.42728,0.57272 1,1:0.53145,0.46855
2 1 0 0:0.65952,0.34048 1:0.86693,0.13307
4 3 1 3 4 0,0,0:0.13926,0.26734,0.1369,0.45651 0,0,1:0.33649,0.17914,0.11258,0.37179 0,1,0:0.40269,0.27012,0.21711,0.11008 0,1,1:0.39394,0.16807,0.27782,0.16017 1,0,0:0.39025,0.52961,0.05825,0.02189 1,0,1:0.2757,0.22616,0.31832,0.17982 1,1,0:0.4463,0.00942,0.14719,0.39709 1,1,1:0.28192,0.31612,0.36835,0.03361 2,0,0:0.02646,0.65213,0.06379,0.25763 2,0,1:0.36921,0.25214,0.13741,0.24123 2,1,0:0.34993,0.23118,0.00333,0.41556 2,1,1:0.40303,0.09153,0.10093,0.40451 3,0,0:0.51453,0.30886,0.04394,0.13267 3,0,1:0.5928,0.16361,0.17806,0.06553 3,1,0:0.26624,0.0749,0.38651,0.27235 3,1,1:0.48917,0.04528,0.37071,0.09484
4 3 0 2 3 0,0,0:0.2189,0.27082,0.34671,0.16357 0,0,1:0.36977,0.35546,0.09664,0.17813 0,1,0:0.03745,0.1489,0.11663,0.69702 0,1,1:0.21116,0.2821,0.27585,0.2309 1,0,0:0.25492,0.11607,0.18684,0.44217 1,0,1:0.17397,0.32989,0.23228,0.26387 1,1,0:0.3694,0.10887,0.36634,0.15539 1,1,1:0.26019,0.24012,0.29771,0.20198
2 1 6 0:0.52414,0.47586 1:0.62334,0.37666 2:0.31537,0.68463 3:0.47327,0.52673
4 3 3 4 5 0,0,0:0.34984,0.19211,0.02911,0.42894 0,0,1:0.15055,0.33169,0.19772,0.32004 0,0,2:0.27498,0.25979,0.0868,0.37843 0,0,3:0.15618,0.31992,0.12017,0.40372 0,1,0:0.22925,0.30353,0.31097,0.15625 0,1,1:0.08084,0.35153,0.29437,0.27326 0,1,2:0.16829,0.16622,0.3028,0.36269 0,1,3:0.09064,0.43107,0.47824,5e-05 1,0,0:0.1426,0.16737,0.30398,0.38605 1,0,1:0.05235,0.21232,0.3617,0.37363 1,0,2:0.27466,0.2392,0.14968,0.33646 1,0,3:0.20745,0.14577,0.29926,0.34753 1,1,0:0.17048,0.22653,0.39062,0.21237 1,1,1:0.34743,0.18467,0.3272,0.14069 1,1,2:0.55936,0.27884,0.06821,0.0936 1,1,3:0.17455,0.35573,0.10028,0.36944
3 3 3 5 6 0,0,0:0.31391,0.43078,0.25531 0,0,1:0.2967,0.12825,0.57505 0,0,2:0.14101,0.44291,0.41609 0,0,3:0.27557,0.32695,0.39748 0,1,0:0.05914,0.46427,0.4766 0,1,1:0.5449,0.03729,0.41781 0,1,2:0.14804,0.52253,0.32942 0,1,3:0.02441,0.36266,0.61293 0,2,0:0.13843,0.4389,0.42267 0,2,1:0.17631,0.1257,0.69799 0,2,2:0.50951,0.10436,0.38613 0,2,3:0.43687,0.29044,0.2727 0,3,0:0.14647,0.49517,0.35836 0,3,1:0.45588,0.3446,0.19953 0,3,2:0.48604,0.30597,0.20798 0,3,3:0.17227,0.07006,0.75768 1,0,0:0.06151,0.22115,0.71734 1,0,1:0.53345,0.15535,0.3112 1,0,2:0.11178,0.44006,0.44816 1,0,3:0.21285,0.47527,0.31188 1,1,0:0.04488,0.81588,0.13924 1,1,1:0.67209,0.06531,0.2626 1,1,2:0.24798,0.14942,0.6026 1,1,3:0.39752,0.3809,0.22158 1,2,0:0.14037,0.52659,0.33304 1,2,1:0.30081,0.61397,0.08522 1,2,2:0.35636,0.22969,0.41395 1,2,3:0.4972,0.18429,0.31851 1,3,0:0.19412,0.39355,0.41234 1,3,1:0.49882,0.4892,0.01198 1,3,2:0.31862,0.21142,0.46996 1,3,3:0.05615,0.24197,0.70188
3 1 7 0:0.23523,0.09759,0.66718 1:0.31094,0.52689,0.16216
2 3 2 9 10 0,0,0:0.20709,0.79291 0,0,1:0.60217,0.39783 0,0,2:0.51575,0.48425 0,1,0:0.59155,0.40845 0,1,1:0.49431,0.50569 0,1,2:0.33761,0.66239 0,2,0:0.4923,0.5077 0,2,1:0.40413,0.59587 0,2,2:0.28085,0.71915 1,0,0:0.53065,0.46935 1,0,1:0.02059,0.97941 1,0,2:0.91678,0.08322 1,1,0:0.51014,0.48986 1,1,1:0.27606,0.72394 1,1,2:0.45904,0.54096 1,2,0:0.88396,0.11604 1,2,1:0.56399,0.43601 1,2,2:0.608,0.392
2 3 0 10 11 0,0,0:0.68683,0.31317 0,0,1:0.55214,0.44786 0,1,0:0.65406,0.34594 0,1,1:0.52088,0.47912 0,2,0:0.84941,0.15059 0,2,1:0.17048,0.82952 1,0,0:0.42177,0.57823 1,0,1:0.64841,0.35159 1,1,0:0.24766,0.75234 1,1,1:0.15382,0.84618 1,2,0:0.91158,0.08842 1,2,1:0.90471,0.09529
2 2 4 9 0,0:0.66451,0.33549 0,1:0.18409,0.81591 0,2:0.45977,0.54023 1,0:0.49623,0.50377 1,1:0.4911,0.5089 1,2:0.22658,0.77342
2 4 0 8 10 13 0,0,0,0:0.44516,0.55484 0,0,0,1:0.64032,0.35968 0,0,1,0:0.61058,0.38942 0,0,1,1:0.18969,0.81031 0,0,2,0:0.88357,0.11643 0,0,2,1:0.05024,0.94976 0,1,0,0:0.07933,0.92067 0,1,0,1:0.89217,0.10783 0,1,1,0:0.96044,0.03956 0,1,1,1:0.10481,0.89519 0,1,2,0:0.88112,0.11888 0,1,2,1:0.07911,0.92089 0,2,0,0:0.46452,0.53548 0,2,0,1:0.99923,0.00077 0,2,1,0:0.45213,0.54787 0,2,1,1:0.89751,0.10249 0,2,2,0:0.56411,0.43589 0,2,2,1:0.37744,0.62256 0,3,0,0:0.32235,0.67765 0,3,0,1:0.47862,0.52138 0,3,1,0:0.47217,0.52783 0,3,1,1:0.20869,0.79131 0,3,2,0:0.59316,0.40684 0,3,2,1:0.23259,0.76741 1,0,0,0:0.53217,0.46783 1,0,0,1:0.57255,0.42745 1,0,1,0:0.5337,0.4663 1,0,1,1:0.41477,0.58523 1,0,2,0:0.27352,0.72648 1,0,2,1:0.83673,0.16327 1,1,0,0:0.01232,0.98768 1,1,0,1:0.63513,0.36487 1,1,1,0:0.75072,0.24928 1,1,1,1:0.5508,0.4492 1,1,2,0:0.25567,0.74433 1,1,2,1:0.42241,0.57759 1,2,0,0:0.33634,0.66366 1,2,0,1:0.90779,0.09221 1,2,1,0:0.40414,0.59586 1,2,1,1:0.10952,0.89048 1,2,2,0:0.50302,0.49698 1,2,2,1:0.66119,0.33881 1,3,0,0:0.29102,0.70898 1,3,0,1:0.94725,0.05275 1,3,1,0:0.62019,0.37981 1,3,1,1:0.39771,0.60229 1,3,2,0:0.2296,0.7704 1,3,2,1:0.16717,0.83283
3 1 3 0:0.29711,0.31239,0.3905 1:0.47094,0.44595,0.08312
3 1 7 0:0.24035,0.3284,0.43125 1:0.02903,0.26753,0.70344
3 2 0 10 0,0:0.60567,0.34075,0.05357 0,1:0.0517,0.34142,0.60687 0,2:0.19846,0.4967,0.30484 1,0:0.33434,0.35977,0.30589 1,1:0.2679,0.14627,0.58584 1,2:0.57915,0.38519,0.03566
4 2 1 7 0,0:0.07318,0.35116,0.28516,0.2905 0,1:0.42914,0.07811,0.11948,0.37327 1,0:0.18353,0.29848,0.33219,0.1858 1,1:0.23071,0.22187,0.23906,0.30837 2,0:0.14176,0.61931,0.09081,0.14813 2,1:0.16757,0.33709,0.19999,0.29535 3,0:0.42052,0.18568,0.3381,0.0557 3,1:0.24725,0.29299,0.14358,0.31618
3 3 1 12 14 0,0,0:0.27813,0.25566,0.4662 0,0,1:0.38064,0.33814,0.28122 0,1,0:0.22693,0.44114,0.33192 0,1,1:0.30859,0.55427,0.13714 1,0,0:0.20318,0.62939,0.16744 1,0,1:0.0089,0.59847,0.39263 1,1,0:0.24701,0.42737,0.32562 1,1,1:0.36226,0.19187,0.44588 2,0,0:0.32162,0.42818,0.2502 2,0,1:0.05996,0.85374,0.0863 2,1,0:0.24185,0.68131,0.07684 2,1,1:0.90869,0.08495,0.00636 3,0,0:0.36732,0.35946,0.27322 3,0,1:0.22577,0.41741,0.35682 3,1,0:0.63307,0.23183,0.13511 3,1,1:0.68288,0.2598,0.05732
11
0 1
2 0
5 0
7 1
8 2
9 0
12 0
13 0
14 1
16 2
19 1
17
50
0 0 511.54
0 1 644.55
0 2 -250.40
0 3 184.83
0 4 394.02
0 5 646.15
0 6 -256.81
0 7 -669.75
0 8 443.99
0 9 630.13
0 10 -694.18
0 11 423.70
0 12 -151.30
0 13 -872.47
0 14 -400.90
0 15 -825.53
0 16 -816.85
0 17 367.73
0 18 -382.01
0 19 413.71
0 20 447.08
0 21 640.56
0 22 -895.92
0 23 -866.68
0 24 62.19
0 25 -327.81
0 26 -634.43
0 27 -944.78
0 28 -914.39
0 29 128.85
0 30 517.56
0 31 -580.80
0 32 989.19
0 33 -853.76
0 34 -196.15
0 35 787.21
0 36 471.60
0 37 442.67
0 38 -905.87
0 39 -505.27
0 40 294.13
0 41 -9.67
0 42 694.65
0 43 -865.60
0 44 -783.30
0 45 498.30
0 46 -352.09
0 47 810.92
0 48 -364.14
0 49 -653.54
1 0 568.51
1 1 508.96
1 2 383.29
1 3 -191.48
1 4 231.77
1 5 -73.27
1 6 -765.69
1 7 43.37
1 8 566.93
1 9 -811.23
1 10 -804.41
1 11 811.24
1 12 775.38
1 13 -40.35
1 14 209.79
1 15 -184.13
1 16 482.43
1 17 782.97
1 18 233.40
1 19 -647.81
1 20 451.08
1 21 160.54
1 22 -380.67
1 23 972.86
1 24 627.02
1 25 807.05
1 26 -884.04
1 27 220.93
1 28 -24.00
1 29 204.77
1 30 -318.37
1 31 224.05
1 32 -210.42
1 33 654.88
1 34 -480.21
1 35 -99.91
1 36 695.65
1 37 327.26
1 38 -60.23
1 39 595.22
1 40 280.05
1 41 -403.44
1 42 325.96
1 43 -463.58
1 44 712.21
1 45 -788.03
1 46 -281.21
1 47 -189.29
1 48 -551.66
1 49 -253.55
2 0 -261.21
2 1 -669.47
2 2 167.20
2 3 -200.17
2 4 887.20
2 5 -702.24
2 6 -939.94
2 7 22.03
2 8 387.92
2 9 -412.41
2 10 -659.07
2 11 771.49
2 12 -900.49
2 13 -206.57
2 14 35.48
2 15 -28.00
2 16 294.85
2 17 543.29
2 18 -239.27
2 19 448.64
2 20 947.79
2 21 310.65
2 22 736.33
2 23 -922.13
2 24 297.56
2 25 743.12
2 26 -816.48
2 27 816.47
2 28 -930.05
2 29 378.28
2 30 293.90
2 31 -936.28
2 32 -991.76
2 33 -776.81
2 34 -668.99
2 35 -931.81
2 36 -45.24
2 37 -15.16
2 38 476.73
2 39 875.33
2 40 825.73
2 41 7.00
2 42 764 